%This file specifies relative screen coordinates (x y) for the targets 
%in the trails task.
%Created 10/30/22 by ARS


%sequence for practice
PartA_SAMPLE=[0.505, 0.573
            0.719 0.167
            0.885 0.567
            0.701 0.463
            0.737 0.801
            0.165 0.805
            0.147 0.335
            0.439 0.289];

%A set numbers 1-25
PartA=  [0.715 0.567
         0.490 0.674
         0.775 0.730
         0.766 0.368
         0.434 0.390
        0.610 0.475
        0.420 0.566
        0.270 0.706
        0.313 0.817
        0.391 0.695
        0.647 0.842
        0.158 0.871
        0.262 0.472
        0.148 0.598
        0.130 0.111
        0.273 0.259
        0.556 0.095
        0.509 0.294
        0.808 0.182
        0.648 0.172
        0.890 0.096
        0.895 0.362
        0.909 0.873
        0.843 0.546
        0.802 0.845];
               
 %B practice
  PartB_SAMPLE= [0.455 0.629
                 0.705 0.171
                 0.887 0.575
                 0.675 0.487
                 0.735 0.837
                 0.179 0.795
                 0.103 0.223
                 0.411 0.231];
             
%B test numbers 1-13 letters A-L      
Letters='ABCDEFGHIJKL'; %letters used in B
PartB= [0.528 0.438
        0.704 0.687
        0.315 0.748
        0.460 0.213
        0.463 0.333
        0.664 0.537
        0.563 0.194
        0.797 0.159
        0.793 0.472
        0.821 0.810
        0.459 0.776
        0.231 0.834
        0.347 0.423
        0.235 0.612
        0.189 0.165
        0.256 0.492
        0.335 0.166
        0.661 0.156
        0.904 0.099
        0.872 0.690
        0.892 0.873
        0.147 0.872
        0.134 0.573
        0.195 0.773];
    
    TheCoords={PartA_SAMPLE, PartA,PartB_SAMPLE, PartB};
    

    
                    